function largestOfFour(arr) {
	// add the largest num from each subarr to a new arr
	let newArr = [];
	let largestNum = null;

	for (let num1 in arr) {
		for (let num2 in arr[num1]) {
			if (largestNum < arr[num1][num2] || largestNum === null) {
				largestNum = arr[num1][num2];
			}
		}
		newArr.push(largestNum);
		largestNum = null;
	}
	return newArr;
}

largestOfFour([
	[4, 5, 1, 3],
	[13, 27, 18, 26],
	[32, 35, 37, 39],
	[1000, 1001, 857, 1],
]);

/*

largestOfFour([[4, 5, 1, 3], [13, 27, 18, 26], [32, 35, 37, 39], [1000, 1001, 857, 1]]) should return an array.
Passed
largestOfFour([[13, 27, 18, 26], [4, 5, 1, 3], [32, 35, 37, 39], [1000, 1001, 857, 1]]) should return [27, 5, 39, 1001].
Passed
largestOfFour([[4, 9, 1, 3], [13, 35, 18, 26], [32, 35, 97, 39], [1000000, 1001, 857, 1]]) should return [9, 35, 97, 1000000].
Passed
largestOfFour([[17, 23, 25, 12], [25, 7, 34, 48], [4, -10, 18, 21], [-72, -3, -17, -10]]) should return [25, 48, 21, -3].

*/
